CATEGORY	TOTAL_READS	PF_READS	PCT_PF_READS	PF_NOISE_READS	PF_READS_ALIGNED	PCT_PF_READS_ALIGNED	PF_ALIGNED_BASES	PF_HQ_ALIGNED_READS	PF_HQ_ALIGNED_BASES	PF_HQ_ALIGNED_Q20_BASES	PF_HQ_MEDIAN_MISMATCHES	PF_MISMATCH_RATE	PF_HQ_ERROR_RATE	PF_INDEL_RATE	MEAN_READ_LENGTH	READS_ALIGNED_IN_PAIRS	PCT_READS_ALIGNED_IN_PAIRS	PF_READS_IMPROPER_PAIRS	PCT_PF_READS_IMPROPER_PAIRS	BAD_CYCLES	STRAND_BALANCE	PCT_CHIMERAS	PCT_ADAPTER	LIBRARY	SAMPLE_NAME
FIRST_OF_PAIR	7313349	7313349	1	0	7312637	0.999903	878331771	7045030	848493656	831631088	0	0.003576	0.003289	1.4e-4	125	7297558	0.997938	81910	0.011201	0	0.515107	0.011603	7e-6	NA	BC20-T2
SECOND_OF_PAIR	7313349	7313349	1	0	7298270	0.997938	872493545	7025687	842620749	806085007	0	0.005799	0.005509	1.35e-4	125	7297558	0.999902	67543	0.009255	0	0.484336	0.01287	9e-6	NA	BC20-T2
PAIR	14626698	14626698	1	0	14610907	0.99892	1750825316	14070717	1691114405	1637716095	0	0.004684	0.004395	1.37e-4	125	14595116	0.998919	149453	0.010229	0	0.499737	0.012236	8e-6	NA	BC20-T2
FIRST_OF_PAIR	16928282	16928282	1	0	16926673	0.999905	2067091238	16497105	2017312517	1972307779	0	0.002926	0.002781	1.15e-4	125	16882654	0.997399	169227	0.009998	0	0.516979	0.008497	2e-6	NA	BC20-T1
SECOND_OF_PAIR	16928282	16928282	1	0	16884261	0.9974	2047280238	16441086	1997271738	1861219133	0	0.006981	0.00683	1.12e-4	125	16882654	0.999905	126815	0.007511	0	0.482519	0.009468	4e-6	NA	BC20-T1
PAIR	33856564	33856564	1	0	33810934	0.998652	4114371476	32938191	4014584255	3833526912	0	0.004944	0.004795	1.14e-4	125	33765308	0.998651	296042	0.008756	0	0.49977	0.008982	3e-6	NA	BC20-T1
FIRST_OF_PAIR	15504375	15504375	1	0	15503195	0.999924	1943176368	15053220	1888235068	1853372880	0	0.002465	0.002335	1.19e-4	126	15382086	0.992188	1203163	0.077607	0	0.489571	0.00726	6e-6	NA	BC18-P1
SECOND_OF_PAIR	15504375	15504375	1	0	15382838	0.992161	1915265524	14913311	1859744316	1740892727	0	0.0067	0.006494	1.2e-4	126	15382086	0.999951	1082806	0.070391	0	0.510048	0.007487	3.8e-5	NA	BC18-P1
PAIR	31008750	31008750	1	0	30886033	0.996043	3858441892	29966531	3747979384	3594265607	0	0.004567	0.004399	1.19e-4	126	30764172	0.996054	2285969	0.074013	0	0.49977	0.007373	2.2e-5	NA	BC18-P1
FIRST_OF_PAIR	15630338	15630338	1	0	15629407	0.99994	1958719253	15102398	1893963511	1863178707	0	0.002174	0.002016	1.13e-4	126	15596483	0.997893	1765330	0.112949	0	0.491686	0.011341	2e-6	NA	BC02-P1
SECOND_OF_PAIR	15630338	15630338	1	0	15597414	0.997894	1951753886	15059645	1886391522	1819608082	0	0.003828	0.003634	1.15e-4	126	15596483	0.99994	1733337	0.11113	0	0.507798	0.011493	6e-6	NA	BC02-P1
PAIR	31260676	31260676	1	0	31226821	0.998917	3910473139	30162043	3780355033	3682786789	0	0.002999	0.002824	1.14e-4	126	31192966	0.998916	3498667	0.11204	0	0.499734	0.011417	4e-6	NA	BC02-P1
FIRST_OF_PAIR	18501258	18501258	1	0	18453082	0.997396	1809204769	17845041	1752146832	1666419814	0	0.003516	0.003331	1.06e-4	100	18397550	0.996991	206496	0.01119	0	0.504007	0.008237	5e-6	NA	BC03-T
SECOND_OF_PAIR	18501258	18501258	1	0	18445726	0.996998	1803667588	17830091	1746406799	1623575446	0	0.004853	0.004661	1.03e-4	100	18397550	0.997388	199140	0.010796	0	0.495812	0.008899	6e-6	NA	BC03-T
PAIR	37002516	37002516	1	0	36898808	0.997197	3612872357	35675132	3498553631	3289995260	0	0.004183	0.003995	1.05e-4	100	36795100	0.997189	405636	0.010993	0	0.499911	0.008568	6e-6	NA	BC03-T
FIRST_OF_PAIR	22839133	22839133	1	0	22750923	0.996138	2230996740	22022572	2162770546	2058062284	0	0.003345	0.00317	1.09e-4	100	22692334	0.997425	274626	0.012071	0	0.505113	0.009331	4e-6	NA	BC01-T
SECOND_OF_PAIR	22839133	22839133	1	0	22780543	0.997435	2229158957	22043523	2160531522	2027449042	0	0.004043	0.003862	1.08e-4	100	22692334	0.996128	304246	0.013356	0	0.49468	0.010038	4e-6	NA	BC01-T
PAIR	45678266	45678266	1	0	45531466	0.996786	4460155697	44066095	4323302068	4085511326	0	0.003693	0.003516	1.08e-4	100	45384668	0.996776	578872	0.012714	0	0.499893	0.009685	4e-6	NA	BC01-T
FIRST_OF_PAIR	11083711	11083711	1	0	11082831	0.999921	1349808278	10709861	1306370497	1274292901	0	0.003119	0.002955	1.27e-4	125	11062870	0.998199	100538	0.009072	0	0.517995	0.008212	1e-6	NA	BC18-T2
SECOND_OF_PAIR	11083711	11083711	1	0	11063750	0.998199	1339182397	10682480	1295685877	1217128526	0	0.006401	0.00623	1.22e-4	125	11062870	0.99992	81457	0.007363	0	0.48174	0.009365	2e-6	NA	BC18-T2
PAIR	22167422	22167422	1	0	22146581	0.99906	2688990675	21392341	2602056374	2491421427	0	0.004754	0.004586	1.24e-4	125	22125740	0.999059	181995	0.008218	0	0.499883	0.008788	1e-6	NA	BC18-T2
FIRST_OF_PAIR	16285976	16285976	1	0	16244729	0.997467	1594542933	15750000	1548021227	1469372297	0	0.003467	0.003299	1.1e-4	100	16200569	0.997282	147844	0.009101	0	0.503056	0.005652	5e-6	NA	BC07-T
SECOND_OF_PAIR	16285976	16285976	1	0	16241815	0.997288	1590460765	15741098	1543737525	1442955538	0	0.004302	0.004127	1.07e-4	100	16200569	0.997461	144930	0.008923	0	0.496835	0.006176	6e-6	NA	BC07-T
PAIR	32571952	32571952	1	0	32486544	0.997378	3185003698	31491098	3091758752	2912327835	0	0.003884	0.003713	1.08e-4	100	32401138	0.997371	292774	0.009012	0	0.499946	0.005914	5e-6	NA	BC07-T
FIRST_OF_PAIR	31544941	31544941	1	0	31541294	0.999884	3122582556	30092203	2986625510	2948028034	0	0.003194	0.002565	1.65e-4	100	31484039	0.998185	598994	0.018991	0	0.50952	0.017224	1e-6	NA	BC05-T
SECOND_OF_PAIR	31544941	31544941	1	0	31487686	0.998185	3109174841	30019570	2973055712	2883389964	0	0.004595	0.00396	1.55e-4	100	31484039	0.999884	545386	0.017321	0	0.48994	0.017719	3e-6	NA	BC05-T
PAIR	63089882	63089882	1	0	63028980	0.999035	6231757397	60111773	5959681222	5831417998	0	0.003893	0.003261	1.6e-4	100	62968078	0.999034	1144380	0.018156	0	0.499739	0.017471	2e-6	NA	BC05-T
FIRST_OF_PAIR	8590179	8590179	1	0	8589618	0.999935	1032487090	8237777	993211106	973682556	0	0.003578	0.00316	1.52e-4	125	8573672	0.998144	86026	0.010015	0	0.511929	0.009204	3e-6	NA	BC21-T2
SECOND_OF_PAIR	8590179	8590179	1	0	8574233	0.998144	1025168438	8215941	985938909	942898899	0	0.005811	0.005401	1.44e-4	125	8573672	0.999935	70641	0.008239	0	0.48777	0.010609	7e-6	NA	BC21-T2
PAIR	17180358	17180358	1	0	17163851	0.999039	2057655528	16453718	1979150015	1916581455	0	0.004691	0.004276	1.48e-4	125	17147344	0.999038	156667	0.009128	0	0.49986	0.009906	5e-6	NA	BC21-T2
FIRST_OF_PAIR	9245533	9245533	1	0	9244315	0.999868	1079901616	8896233	1042323632	1023539802	0	0.003062	0.002883	1.2e-4	126	9228628	0.998303	79675	0.008619	0	0.511839	0.009366	5e-6	NA	BC09-T2
SECOND_OF_PAIR	9245533	9245533	1	0	9229846	0.998303	1073198177	8875899	1035583984	1002468479	0	0.004303	0.004127	1.2e-4	126	9228628	0.999868	65206	0.007065	0	0.487814	0.012103	9e-6	NA	BC09-T2
PAIR	18491066	18491066	1	0	18474161	0.999086	2153099793	17772132	2077907616	2026008281	0	0.003681	0.003503	1.2e-4	126	18457256	0.999085	144881	0.007842	0	0.499836	0.010733	7e-6	NA	BC09-T2
FIRST_OF_PAIR	13879507	13879507	1	0	13845196	0.997528	1357091911	13391067	1314422243	1249889746	0	0.003548	0.003357	1.06e-4	100	13807568	0.997282	132876	0.009597	0	0.496604	0.00677	3e-6	NA	BC02-T
SECOND_OF_PAIR	13879507	13879507	1	0	13841876	0.997289	1353417696	13382380	1310572489	1213810743	0	0.004992	0.004793	1.05e-4	100	13807568	0.997521	129556	0.00936	0	0.503223	0.007244	7e-6	NA	BC02-T
PAIR	27759014	27759014	1	0	27687072	0.997408	2710509607	26773447	2624994732	2463700489	0	0.004269	0.004074	1.06e-4	100	27615136	0.997402	262432	0.009479	0	0.499913	0.007007	5e-6	NA	BC02-T
FIRST_OF_PAIR	12050459	12050459	1	0	12049393	0.999912	1449140538	11614856	1400014426	1368809163	0	0.003304	0.003118	1.39e-4	125	12024890	0.997966	152706	0.012673	0	0.508335	0.01438	3e-6	NA	BC04-T2
SECOND_OF_PAIR	12050459	12050459	1	0	12025956	0.997967	1438637090	11581228	1389277960	1323029566	0	0.005634	0.005442	1.35e-4	125	12024890	0.999911	129269	0.010749	0	0.491202	0.015751	6e-6	NA	BC04-T2
PAIR	24100918	24100918	1	0	24075349	0.998939	2887777628	23196084	2789292386	2691838729	0	0.004465	0.004275	1.37e-4	125	24049780	0.998938	281975	0.011712	0	0.499777	0.015065	4e-6	NA	BC04-T2
FIRST_OF_PAIR	9142486	9142486	1	0	9141981	0.999945	1142937704	8847273	1106877635	1089740292	0	0.002186	0.002037	1.11e-4	126	9126100	0.998263	772953	0.08455	0	0.494619	0.009455	1e-6	NA	BC12-P1
SECOND_OF_PAIR	9142486	9142486	1	0	9126604	0.998263	1139734346	8827104	1103433939	1069819223	0	0.003445	0.003272	1.14e-4	126	9126100	0.999945	757576	0.083007	0	0.504926	0.009579	3e-6	NA	BC12-P1
PAIR	18284972	18284972	1	0	18268585	0.999104	2282672050	17674377	2210311574	2159559515	0	0.002815	0.002654	1.13e-4	126	18252200	0.999103	1530529	0.083779	0	0.499768	0.009517	2e-6	NA	BC12-P1
FIRST_OF_PAIR	10114338	10114338	1	0	10113606	0.999928	1229119941	9807499	1193830244	1167972593	0	0.002921	0.002738	1.26e-4	125	10097383	0.998396	88088	0.00871	0	0.516795	0.007934	1e-6	NA	BC10-T2
SECOND_OF_PAIR	10114338	10114338	1	0	10098115	0.998396	1220128210	9784078	1184699449	1122522052	0	0.005818	0.005632	1.24e-4	125	10097383	0.999928	72597	0.007189	0	0.482931	0.00909	2e-6	NA	BC10-T2
PAIR	20228676	20228676	1	0	20211721	0.999162	2449248151	19591577	2378529693	2290494645	0	0.004364	0.004179	1.25e-4	125	20194766	0.999161	160685	0.00795	0	0.499876	0.008512	2e-6	NA	BC10-T2
FIRST_OF_PAIR	20270432	20270432	1	0	20269561	0.999957	2541645562	19648691	2465640596	2428766491	0	0.002436	0.002293	1.33e-4	126	20139382	0.993578	566894	0.027968	0	0.491358	0.007684	3e-6	NA	BC04-P1
SECOND_OF_PAIR	20270432	20270432	1	0	20140250	0.993578	2507873210	19499420	2431711035	2298843282	0	0.006122	0.005937	1.36e-4	126	20139382	0.999957	437583	0.021727	0	0.50821	0.008132	4.2e-5	NA	BC04-P1
PAIR	40540864	40540864	1	0	40409811	0.996767	5049518772	39148111	4897351631	4727609773	0	0.004267	0.004102	1.34e-4	126	40278764	0.996757	1004477	0.024857	0	0.499757	0.007907	2.3e-5	NA	BC04-P1
FIRST_OF_PAIR	19341697	19341697	1	0	19340234	0.999924	2421631288	18696910	2342957243	2309073062	0	0.002195	0.002045	1.17e-4	126	19241456	0.994893	2869403	0.148364	0	0.487654	0.009374	1e-5	NA	BC21-P1
SECOND_OF_PAIR	19341697	19341697	1	0	19242887	0.994891	2398851514	18576079	2319192752	2219821346	0	0.004833	0.004624	1.17e-4	126	19241456	0.999926	2772056	0.144056	0	0.511923	0.009842	4e-5	NA	BC21-P1
PAIR	38683394	38683394	1	0	38583121	0.997408	4820482802	37272989	4662149995	4528894408	0	0.003508	0.003328	1.17e-4	126	38482912	0.997403	5641459	0.146216	0	0.499758	0.009607	2.5e-5	NA	BC21-P1
FIRST_OF_PAIR	11026763	11026763	1	0	11026021	0.999933	1381345635	10653629	1335534569	1315034019	0	0.00217	0.002017	1.12e-4	126	11006075	0.998191	1351416	0.122566	0	0.492746	0.012979	2e-6	NA	BC06-P1
SECOND_OF_PAIR	11026763	11026763	1	0	11006813	0.998191	1377271248	10627885	1331110517	1291326792	0	0.003446	0.003262	1.13e-4	126	11006075	0.999933	1332208	0.121035	0	0.506694	0.013086	4e-6	NA	BC06-P1
PAIR	22053526	22053526	1	0	22032834	0.999062	2758616883	21281514	2666645086	2606360811	0	0.002807	0.002638	1.12e-4	126	22012150	0.999061	2683624	0.121801	0	0.499714	0.013033	3e-6	NA	BC06-P1
FIRST_OF_PAIR	23619484	23619484	1	0	23618547	0.99996	2960570048	22992032	2884372355	2839411057	0	0.002286	0.002154	1.23e-4	126	23446743	0.992726	355019	0.015031	0	0.49181	0.006001	3e-6	NA	BC10-P1
SECOND_OF_PAIR	23619484	23619484	1	0	23447679	0.992726	2913704352	22795643	2837406714	2657416459	0	0.006683	0.006525	1.27e-4	126	23446743	0.99996	184151	0.007854	0	0.507795	0.006591	5.3e-5	NA	BC10-P1
PAIR	47238968	47238968	1	0	47066226	0.996343	5874274400	45787675	5721779069	5496827516	0	0.004467	0.004321	1.25e-4	126	46893486	0.99633	539170	0.011456	0	0.499773	0.006295	2.8e-5	NA	BC10-P1
FIRST_OF_PAIR	9006796	9006796	1	0	9006219	0.999936	1128013284	8721605	1093088230	1075991224	0	0.002184	0.002038	1.16e-4	126	8991377	0.998352	708706	0.078691	0	0.491843	0.008508	7e-6	NA	BC09-P1
SECOND_OF_PAIR	9006796	9006796	1	0	8991953	0.998352	1125062327	8702585	1089895218	1058658667	0	0.003339	0.003168	1.15e-4	126	8991377	0.999936	694440	0.077229	0	0.507748	0.008614	1e-5	NA	BC09-P1
PAIR	18013592	18013592	1	0	17998172	0.999144	2253075611	17424190	2182983448	2134649891	0	0.002761	0.002602	1.15e-4	126	17982754	0.999143	1403146	0.07796	0	0.499789	0.008561	8e-6	NA	BC09-P1
FIRST_OF_PAIR	10038146	10038146	1	0	9995597	0.995761	976982498	9660756	946036031	897375333	0	0.003815	0.003574	1.21e-4	100	9960158	0.996455	174161	0.017424	0	0.507092	0.015649	1e-5	NA	BC04-T
SECOND_OF_PAIR	10038146	10038146	1	0	10002707	0.99647	972793220	9664114	941803204	879953274	0	0.004622	0.004374	1.2e-4	100	9960158	0.995746	181271	0.018122	0	0.492684	0.017787	1.3e-5	NA	BC04-T
PAIR	20076292	20076292	1	0	19998304	0.996115	1949775718	19324870	1887839235	1777328607	0	0.004218	0.003973	1.2e-4	100	19920316	0.9961	355432	0.017773	0	0.499886	0.016719	1.1e-5	NA	BC04-T
FIRST_OF_PAIR	17297592	17297592	1	0	17296858	0.999958	2167624708	16817615	2109221790	2075695582	0	0.002281	0.002156	1.26e-4	126	17175784	0.993	477586	0.027611	0	0.492145	0.006649	8e-6	NA	BC20-P1
SECOND_OF_PAIR	17297592	17297592	1	0	17176510	0.993	2137602626	16680128	2079002018	1961565517	0	0.006085	0.005923	1.26e-4	126	17175784	0.999958	357238	0.020798	0	0.507456	0.007091	4.7e-5	NA	BC20-P1
PAIR	34595184	34595184	1	0	34473368	0.996479	4305227334	33497743	4188223808	4037261099	0	0.00417	0.004026	1.26e-4	126	34351568	0.996467	834824	0.024216	0	0.499774	0.006869	2.7e-5	NA	BC20-P1
FIRST_OF_PAIR	17703583	17703583	1	0	17640461	0.996435	1733751461	17075475	1681006111	1587067873	0	0.003903	0.003674	1.12e-4	100	17577286	0.996419	298871	0.016942	0	0.504017	0.014431	4e-6	NA	BC06-T
SECOND_OF_PAIR	17703583	17703583	1	0	17640408	0.996432	1724743724	17066595	1671789038	1546119693	0	0.005122	0.004886	1.12e-4	100	17577286	0.996422	298818	0.016939	0	0.495716	0.016112	4e-6	NA	BC06-T
PAIR	35407166	35407166	1	0	35280869	0.996433	3458495185	34142070	3352795149	3133187566	0	0.004511	0.004278	1.12e-4	100	35154572	0.99642	597689	0.016941	0	0.499867	0.015271	4e-6	NA	BC06-T
FIRST_OF_PAIR	16188875	16188875	1	0	16184491	0.999729	1583132144	15286730	1502072801	1470859113	0	0.003995	0.003353	1.74e-4	100	16113848	0.995635	690443	0.042661	0	0.51071	0.044011	2.2e-5	NA	BC16-T
SECOND_OF_PAIR	16188875	16188875	1	0	16118232	0.995636	1554556778	15181168	1473090138	1419239724	0	0.005599	0.004929	1.7e-4	100	16113848	0.999728	624184	0.038725	0	0.488517	0.049764	2.7e-5	NA	BC16-T
PAIR	32377750	32377750	1	0	32302723	0.997683	3137688922	30467898	2975162939	2890098837	0	0.00479	0.004133	1.72e-4	100	32227696	0.997677	1314627	0.040697	0	0.499636	0.046882	2.5e-5	NA	BC16-T
FIRST_OF_PAIR	20345281	20345281	1	0	20343563	0.999916	2548471265	19713681	2471400936	2436853498	0	0.002185	0.002044	1.23e-4	126	20242532	0.995034	2990465	0.146998	0	0.496749	0.009179	1.1e-5	NA	BC14-P1
SECOND_OF_PAIR	20345281	20345281	1	0	20243881	0.995016	2524675805	19589186	2446569659	2335351508	0	0.004965	0.004758	1.21e-4	126	20242532	0.999933	2890783	0.142798	0	0.502764	0.009574	3.6e-5	NA	BC14-P1
PAIR	40690562	40690562	1	0	40587444	0.997466	5073147070	39302867	4917970595	4772205006	0	0.003568	0.003394	1.22e-4	126	40485064	0.997478	5881248	0.144903	0	0.499749	0.009376	2.4e-5	NA	BC14-P1
FIRST_OF_PAIR	1642719	1642719	1	0	1642603	0.999929	195637875	1577484	188454209	185028869	0	0.003678	0.003309	1.53e-4	125	1639431	0.998069	17068	0.010391	0	0.514432	0.010495	5e-6	NA	BC14-T2
SECOND_OF_PAIR	1642719	1642719	1	0	1639547	0.998069	194357109	1573262	187164946	179764257	0	0.005815	0.005453	1.45e-4	125	1639431	0.999929	14012	0.008546	0	0.485388	0.01167	8e-6	NA	BC14-T2
PAIR	3285438	3285438	1	0	3282150	0.998999	389994984	3150746	375619155	364793126	0	0.004743	0.004377	1.49e-4	125	3278862	0.998998	31080	0.009469	0	0.499923	0.011082	7e-6	NA	BC14-T2
FIRST_OF_PAIR	20467383	20467383	1	0	20466612	0.999962	2565335329	19858838	2491107647	2452988309	0	0.002299	0.00215	1.3e-4	126	20326508	0.993155	689166	0.033673	0	0.493163	0.006481	5e-6	NA	BC15-P1
SECOND_OF_PAIR	20467383	20467383	1	0	20327270	0.993154	2529794902	19698170	2455400050	2319858248	0	0.00605	0.005861	1.3e-4	126	20326508	0.999963	549824	0.027049	0	0.506463	0.007041	4.6e-5	NA	BC15-P1
PAIR	40934766	40934766	1	0	40793882	0.996558	5095130231	39557008	4946507697	4772846557	0	0.004161	0.003992	1.3e-4	126	40653016	0.996547	1238990	0.030372	0	0.49979	0.00676	2.5e-5	NA	BC15-P1
FIRST_OF_PAIR	12979294	12979294	1	0	12978136	0.999911	1585417405	12559781	1536764427	1501643506	0	0.003038	0.002823	1.33e-4	125	12945586	0.997492	144590	0.011141	0	0.514737	0.009652	2e-6	NA	BC15-T2
SECOND_OF_PAIR	12979294	12979294	1	0	12946742	0.997492	1569609841	12516661	1520895195	1425623403	0	0.006678	0.006461	1.29e-4	125	12945586	0.999911	113196	0.008743	0	0.484977	0.011093	5e-6	NA	BC15-T2
PAIR	25958588	25958588	1	0	25924878	0.998701	3155027246	25076442	3057659622	2927266909	0	0.004849	0.004632	1.31e-4	125	25891172	0.9987	257786	0.009944	0	0.499875	0.010372	4e-6	NA	BC15-T2
FIRST_OF_PAIR	14511740	14511740	1	0	14508810	0.999798	1430748682	13814109	1366574722	1342447869	0	0.003476	0.002881	1.68e-4	100	14457794	0.996484	374036	0.02578	0	0.50863	0.023642	4e-6	NA	BC17-T
SECOND_OF_PAIR	14511740	14511740	1	0	14460724	0.996485	1412627600	13747286	1348655347	1297186427	0	0.00539	0.004789	1.58e-4	100	14457794	0.999797	325950	0.02254	0	0.490704	0.026962	5e-6	NA	BC17-T
PAIR	29023480	29023480	1	0	28969534	0.998141	2843376282	27561395	2715230069	2639634296	0	0.004427	0.003829	1.63e-4	100	28915588	0.998138	699986	0.024163	0	0.499682	0.025299	4e-6	NA	BC17-T
FIRST_OF_PAIR	3235733	3235733	1	0	3210943	0.992339	313242690	3106788	303796853	284941841	0	0.004678	0.004464	1.06e-4	100	3174415	0.988624	163846	0.051027	0	0.495006	0.041429	1.5e-5	NA	BC12-T
SECOND_OF_PAIR	3235733	3235733	1	0	3199204	0.988711	306832380	3093669	297485944	275644139	0	0.005246	0.005033	1.08e-4	100	3174415	0.992252	152107	0.047545	0	0.504804	0.045155	1.3e-5	NA	BC12-T
PAIR	6471466	6471466	1	0	6410147	0.990525	620075070	6200457	601282797	560585980	0	0.004959	0.004745	1.07e-4	100	6348830	0.990434	315953	0.04929	0	0.499896	0.043289	1.4e-5	NA	BC12-T
FIRST_OF_PAIR	18974348	18974348	1	0	18967213	0.999624	2291540528	17778483	2162179963	2092286047	0	0.006329	0.0049	2.91e-4	125	18853694	0.994015	699339	0.036871	0	0.502615	0.034358	1e-5	NA	BC07-T2
SECOND_OF_PAIR	18974348	18974348	1	0	18860825	0.994017	2240815195	17620562	2112998690	1927937781	0	0.011201	0.009839	2.6e-4	125	18853694	0.999622	592951	0.031438	0	0.497357	0.040234	1.4e-5	NA	BC07-T2
PAIR	37948696	37948696	1	0	37828038	0.99682	4532355723	35399045	4275178653	4020223828	0	0.008738	0.007341	2.76e-4	125	37707388	0.996811	1292290	0.034162	0	0.499994	0.037288	1.2e-5	NA	BC07-T2
FIRST_OF_PAIR	13520577	13520577	1	0	13519811	0.999943	1693280143	13091301	1640725892	1613545584	0	0.002151	0.002019	1.08e-4	126	13486834	0.997561	1714731	0.126831	0	0.49325	0.010522	4e-6	NA	BC08-P1
SECOND_OF_PAIR	13520577	13520577	1	0	13487594	0.997561	1686722598	13050002	1633668793	1577121340	0	0.003724	0.003553	1.1e-4	126	13486834	0.999944	1682514	0.124745	0	0.506257	0.010616	6e-6	NA	BC08-P1
PAIR	27041154	27041154	1	0	27007405	0.998752	3380002741	26141303	3274394685	3190666924	0	0.002936	0.002784	1.09e-4	126	26973668	0.99875100000000006	3397245	0.125789	0	0.499746	0.010569	5e-6	NA	BC08-P1
FIRST_OF_PAIR	32233600	32233600	1	0	32232245	0.999958	4041704576	31154548	3908636121	3807614094	0	0.002225	0.002058	1.3e-4	126	32152862	0.997537	4422847	0.137218	0	0.491561	0.012126	0	NA	BC01-P1
SECOND_OF_PAIR	32233600	32233600	1	0	32154174	0.997536	4028558958	31065423	3895026790	3742289383	0	0.003208	0.003015	1.31e-4	126	32152862	0.999959	4344776	0.135123	0	0.508259	0.012181	1e-6	NA	BC01-P1
PAIR	64467200	64467200	1	0	64386419	0.998747	8070263534	62219971	7803662911	7549903477	0	0.002715	0.002535	1.3e-4	126	64305724	0.998747	8767623	0.136172	0	0.4999	0.012153	1e-6	NA	BC01-P1
FIRST_OF_PAIR	10627029	10627029	1	0	10626040	0.999907	1287710394	10274636	1247524010	1218190524	0	0.003193	0.002968	1.39e-4	125	10604661	0.997988	110873	0.010434	0	0.508276	0.009534	2e-6	NA	BC01-T2
SECOND_OF_PAIR	10627029	10627029	1	0	10605650	0.997988	1276648349	10245388	1236384159	1170026962	0	0.00601	0.005787	1.34e-4	125	10604661	0.999907	90483	0.008532	0	0.491499	0.011295	4e-6	NA	BC01-T2
PAIR	21254058	21254058	1	0	21231690	0.998948	2564358743	20520024	2483908169	2388217486	0	0.004595	0.004371	1.37e-4	125	21209322	0.998946	201356	0.009484	0	0.499895	0.010414	3e-6	NA	BC01-T2
FIRST_OF_PAIR	18294301	18294301	1	0	18293530	0.999958	2294465652	17776253	2231194204	2194601540	0	0.002338	0.002204	1.23e-4	126	18178656	0.993721	356144	0.019468	0	0.493257	0.005601	5e-6	NA	BC05-P1
SECOND_OF_PAIR	18294301	18294301	1	0	18179423	0.993721	2263534474	17644358	2200123601	2072975767	0	0.006262	0.006098	1.25e-4	126	18178656	0.999958	242037	0.013314	0	0.506316	0.006084	4.6e-5	NA	BC05-P1
PAIR	36588602	36588602	1	0	36472953	0.996839	4558000126	35420611	4431317805	4267577307	0	0.004287	0.004137	1.24e-4	126	36357312	0.996829	598181	0.016401	0	0.499766	0.005842	2.5e-5	NA	BC05-P1
FIRST_OF_PAIR	21853622	21853622	1	0	21851451	0.999901	2737912647	21153533	2652529442	2612323909	0	0.00224	0.002095	1.25e-4	126	21713301	0.993678	2512196	0.114967	0	0.493732	0.009026	1.2e-5	NA	BC17-P1
SECOND_OF_PAIR	21853622	21853622	1	0	21714470	0.993633	2704889271	20982531	2618124241	2486104130	0	0.005562	0.005339	1.25e-4	126	21713301	0.999946	2375215	0.109384	0	0.505859	0.009568	4.9e-5	NA	BC17-P1
PAIR	43707244	43707244	1	0	43565921	0.996767	5442801918	42136064	5270653683	5098428039	0	0.003891	0.003706	1.25e-4	126	43426602	0.996802	4887411	0.112184	0	0.499776	0.009296	3e-5	NA	BC17-P1
FIRST_OF_PAIR	7669092	7669092	1	0	7668516	0.999925	960051478	7421444	929862924	915128930	0	0.002188	0.002039	1.18e-4	126	7651930	0.997837	930565	0.121349	0	0.493154	0.009803	7e-6	NA	BC13-P1
SECOND_OF_PAIR	7669092	7669092	1	0	7652501	0.997837	956710810	7399918	926203333	896320725	0	0.003663	0.00348	1.2e-4	126	7651930	0.999925	914550	0.11951	0	0.506396	0.00993	1e-5	NA	BC13-P1
PAIR	15338184	15338184	1	0	15321017	0.998881	1916762288	14821362	1856066257	1811449655	0	0.002924	0.002758	1.19e-4	126	15303860	0.99888	1845115	0.12043	0	0.499768	0.009866	9e-6	NA	BC13-P1
FIRST_OF_PAIR	13446360	13446360	1	0	13445189	0.999913	1628266494	13007072	1577945121	1542764365	0	0.003044	0.002873	1.24e-4	125	13416638	0.997876	138825	0.010325	0	0.51663	0.009609	3e-6	NA	BC08-T2
SECOND_OF_PAIR	13446360	13446360	1	0	13417808	0.997877	1614695979	12968299	1564181989	1478189332	0	0.006012	0.005837	1.2e-4	125	13416638	0.999913	111444	0.008306	0	0.483091	0.010971	4e-6	NA	BC08-T2
PAIR	26892720	26892720	1	0	26862997	0.998895	3242962473	25975371	3142127110	3020953697	0	0.004522	0.004348	1.22e-4	125	26833276	0.998894	250269	0.009316	0	0.499877	0.010289	3e-6	NA	BC08-T2
FIRST_OF_PAIR	20950745	20950745	1	0	20948902	0.999912	2623398148	20241575	2536785157	2497553792	0	0.002308	0.002164	1.21e-4	126	20844766	0.995029	2827901	0.13499	0	0.493111	0.009201	1.2e-5	NA	BC16-P1
SECOND_OF_PAIR	20950745	20950745	1	0	20846143	0.995007	2598311065	20110987	2510544052	2398126300	0	0.005051	0.004838	1.19e-4	126	20844766	0.999934	2725142	0.130726	0	0.506504	0.009726	4.3e-5	NA	BC16-P1
PAIR	41901490	41901490	1	0	41795045	0.99746	5221709213	40352562	5047329209	4895680092	0	0.003673	0.003494	1.2e-4	126	41689532	0.997475	5553043	0.132864	0	0.499791	0.009463	2.7e-5	NA	BC16-P1
FIRST_OF_PAIR	8414302	8414302	1	0	8413752	0.999935	1050964021	8146356	1018316042	1002419706	0	0.002129	0.001986	1.12e-4	126	8399257	0.998277	796747	0.094696	0	0.490981	0.01189	5e-6	NA	BC07-P1
SECOND_OF_PAIR	8414302	8414302	1	0	8399805	0.998277	1047893389	8127159	1014964916	983151763	0	0.003489	0.003317	1.14e-4	126	8399257	0.999935	782800	0.093193	0	0.508515	0.012024	8e-6	NA	BC07-P1
PAIR	16828604	16828604	1	0	16813557	0.999106	2098857410	16273515	2033280958	1985571469	0	0.002808	0.00265	1.13e-4	126	16798514	0.999105	1579547	0.093945	0	0.49974	0.011957	6e-6	NA	BC07-P1
FIRST_OF_PAIR	12169384	12169384	1	0	12124202	0.996287	1187550556	11709590	1149042822	1093836357	0	0.00356	0.003295	1.13e-4	100	12088439	0.99705	201626	0.01663	0	0.506732	0.01508	6e-6	NA	BC13-T
SECOND_OF_PAIR	12169384	12169384	1	0	12133620	0.997061	1183038570	11713762	1144428363	1066766009	0	0.004644	0.004375	1.11e-4	100	12088439	0.996276	211044	0.017393	0	0.493161	0.017084	5e-6	NA	BC13-T
PAIR	24338768	24338768	1	0	24257822	0.996674	2370589126	23423352	2293471185	2160602366	0	0.004101	0.003834	1.12e-4	100	24176878	0.996663	412670	0.017012	0	0.499944	0.016083	5e-6	NA	BC13-T
FIRST_OF_PAIR	14896347	14896347	1	0	14855648	0.997268	1455350459	14349798	1407857564	1339845928	0	0.003433	0.003247	1.14e-4	100	14817115	0.997406	174527	0.011748	0	0.510713	0.009151	5e-6	NA	BC09-T
SECOND_OF_PAIR	14896347	14896347	1	0	14857813	0.997413	1452059561	14346901	1404412114	1312809209	0	0.004375	0.004183	1.11e-4	100	14817115	0.997261	176692	0.011892	0	0.489096	0.009788	5e-6	NA	BC09-T
PAIR	29792694	29792694	1	0	29713461	0.997341	2907410020	28696699	2812269678	2652655137	0	0.003904	0.003715	1.13e-4	100	29634230	0.997333	351219	0.01182	0	0.499904	0.009469	5e-6	NA	BC09-T
FIRST_OF_PAIR	8515538	8515538	1	0	8478758	0.995681	816545267	8077607	780359352	738687974	0	0.00411	0.003794	1.23e-4	100	8446688	0.996218	416354	0.049106	0	0.515743	0.05903	6e-6	NA	BC08-T
SECOND_OF_PAIR	8515538	8515538	1	0	8483467	0.996234	809957680	8074051	773557203	717102384	0	0.005281	0.004952	1.24e-4	100	8446688	0.995665	421063	0.049633	0	0.483788	0.06473	7e-6	NA	BC08-T
PAIR	17031076	17031076	1	0	16962225	0.995957	1626502947	16151658	1553916555	1455790358	0	0.004693	0.004371	1.23e-4	100	16893376	0.995941	837417	0.04937	0	0.499761	0.061881	6e-6	NA	BC08-T
FIRST_OF_PAIR	11089254	11089254	1	0	11088497	0.999932	1389418989	10731802	1345645650	1324050996	0	0.002173	0.002031	1.07e-4	126	11065311	0.997909	1406157	0.126812	0	0.494381	0.012505	4e-6	NA	BC03-P1
SECOND_OF_PAIR	11089254	11089254	1	0	11066068	0.997909	1384755335	10702333	1340582593	1297158958	0	0.00359	0.003411	1.07e-4	126	11065311	0.999932	1383728	0.125042	0	0.505119	0.012605	7e-6	NA	BC03-P1
PAIR	22178508	22178508	1	0	22154565	0.99892	2774174324	21434135	2686228243	2621209954	0	0.002881	0.00272	1.07e-4	126	22130622	0.998919	2789885	0.125928	0	0.499745	0.012555	6e-6	NA	BC03-P1
FIRST_OF_PAIR	48751539	48751539	1	0	48746202	0.999891	5931619547	46378171	5671582235	5556475680	0	0.004964	0.003797	2.46e-4	125	48551291	0.996002	706551	0.014494	0	0.500481	0.014221	8e-6	NA	BC20-N
SECOND_OF_PAIR	48751539	48751539	1	0	48556622	0.996002	5860492310	46128327	5602419656	5266595181	0	0.008566	0.007434	2.28e-4	125	48551291	0.99989	516971	0.010647	0	0.499608	0.015254	1.8e-5	NA	BC20-N
PAIR	97503078	97503078	1	0	97302824	0.997946	11792111857	92506498	11274001891	10823070861	0	0.006754	0.005605	2.37e-4	125	97102582	0.997942	1223522	0.012574	0	0.500045	0.014736	1.3e-5	NA	BC20-N
FIRST_OF_PAIR	11827138	11827138	1	0	11811790	0.998702	1168388007	11232282	1114491931	1044774333	0	0.005465	0.004689	1.78e-4	100	11695266	0.990135	249528	0.021125	0	0.499533	0.010123	8e-6	NA	BC17-N
SECOND_OF_PAIR	11827138	11827138	1	0	11710614	0.990148	1151767123	11125934	1098612350	981114916	0	0.012875	0.012126	1.72e-4	100	11695266	0.998689	148352	0.012668	0	0.500388	0.010204	7e-6	NA	BC17-N
PAIR	23654276	23654276	1	0	23522404	0.994425	2320155130	22358216	2213104281	2025889249	0	0.009143	0.008381	1.75e-4	100	23390532	0.994394	397880	0.016915	0	0.499958	0.010163	8e-6	NA	BC17-N
FIRST_OF_PAIR	4780396	4780396	1	0	4779852	0.999886	580747251	4614965	561778546	549632357	0	0.003927	0.003711	1.43e-4	125	4767541	0.997424	58040	0.012143	0	0.504214	0.012347	6e-6	NA	BC10-N
SECOND_OF_PAIR	4780396	4780396	1	0	4768085	0.997425	576041313	4599711	557100389	529984880	0	0.006418	0.006202	1.39e-4	125	4767541	0.999886	46273	0.009705	0	0.49538	0.013751	9e-6	NA	BC10-N
PAIR	9560792	9560792	1	0	9547937	0.998655	1156788564	9214676	1118878935	1079617237	0	0.005167	0.004952	1.41e-4	125	9535082	0.998654	104313	0.010925	0	0.499803	0.013048	8e-6	NA	BC10-N
FIRST_OF_PAIR	15020021	15020021	1	0	14966441	0.996433	1475051283	14508589	1431611389	1355920187	0	0.003307	0.003135	1.07e-4	100	14912829	0.996418	159553	0.010661	0	0.50489	0.006208	3e-6	NA	BC02-N
SECOND_OF_PAIR	15020021	15020021	1	0	14966409	0.996431	1472315534	14503175	1428653233	1317594927	0	0.004855	0.004672	1.04e-4	100	14912829	0.99642	159521	0.010659	0	0.494896	0.006208	3e-6	NA	BC02-N
PAIR	30040042	30040042	1	0	29932850	0.996432	2947366817	29011764	2860264622	2673515114	0	0.00408	0.003903	1.05e-4	100	29825658	0.996419	319074	0.01066	0	0.499893	0.006208	3e-6	NA	BC02-N
FIRST_OF_PAIR	10021502	10021502	1	0	10021014	0.999951	1229775759	9704086	1193077629	1170385708	0	0.003304	0.002986	1.52e-4	125	9987129	0.996619	89656	0.008947	0	0.504733	0.005974	3e-6	NA	BC18-N
SECOND_OF_PAIR	10021502	10021502	1	0	9987617	0.996619	1218206382	9663630	1181608870	1115361316	0	0.006774	0.006455	1.44e-4	125	9987129	0.999951	56259	0.005633	0	0.495078	0.006467	1.1e-5	NA	BC18-N
PAIR	20043004	20043004	1	0	20008631	0.998285	2447982141	19367716	2374686499	2285747024	0	0.005031	0.004712	1.48e-4	125	19974258	0.998282	145915	0.007293	0	0.499914	0.00622	7e-6	NA	BC18-N
FIRST_OF_PAIR	14396800	14396800	1	0	14346180	0.996484	1412495361	13913945	1371526345	1296561987	0	0.003534	0.00337	1.11e-4	100	14297908	0.996635	145077	0.010113	0	0.496525	0.005734	3e-6	NA	BC04-N
SECOND_OF_PAIR	14396800	14396800	1	0	14348528	0.996647	1410854183	13911519	1369650530	1269364288	0	0.004657	0.004484	1.09e-4	100	14297908	0.996472	147425	0.010275	0	0.503279	0.005729	2e-6	NA	BC04-N
PAIR	28793600	28793600	1	0	28694708	0.996565	2823349544	27825464	2741176875	2565926275	0	0.004096	0.003927	1.1e-4	100	28595816	0.996554	292502	0.010194	0	0.499902	0.005731	2e-6	NA	BC04-N
FIRST_OF_PAIR	14928778	14928778	1	0	14881498	0.996833	1465477592	14435708	1423202843	1347320753	0	0.003345	0.003188	1.08e-4	100	14835909	0.996937	180048	0.012099	0	0.504968	0.00711	5e-6	NA	BC09-N
SECOND_OF_PAIR	14928778	14928778	1	0	14883189	0.996946	1463939448	14433484	1421463280	1320287065	0	0.004395	0.004229	1.07e-4	100	14835909	0.996823	181739	0.012211	0	0.494821	0.007074	4e-6	NA	BC09-N
PAIR	29857556	29857556	1	0	29764687	0.99689	2929417040	28869192	2844666123	2667607818	0	0.00387	0.003708	1.08e-4	100	29671818	0.99688	361787	0.012155	0	0.499894	0.007092	4e-6	NA	BC09-N
FIRST_OF_PAIR	16205911	16205911	1	0	16149474	0.996518	1590934586	15654823	1544016624	1463061358	0	0.003257	0.003093	1.07e-4	100	16096402	0.996714	186604	0.011555	0	0.505781	0.007253	2e-6	NA	BC06-N
SECOND_OF_PAIR	16205911	16205911	1	0	16152839	0.996725	1589000342	15652748	1541784456	1426255494	0	0.00456	0.004385	1.03e-4	100	16096402	0.996506	189969	0.011761	0	0.493968	0.007238	3e-6	NA	BC06-N
PAIR	32411822	32411822	1	0	32302313	0.996621	3179934928	31307571	3085801080	2889316852	0	0.003908	0.003738	1.05e-4	100	32192804	0.99661	376573	0.011658	0	0.499874	0.007246	3e-6	NA	BC06-N
FIRST_OF_PAIR	13114355	13114355	1	0	13069038	0.996544	1287875037	12689778	1251929385	1183911786	0	0.003333	0.003187	1.04e-4	100	13020774	0.996307	141383	0.010818	0	0.498016	0.005693	3e-6	NA	BC08-N
SECOND_OF_PAIR	13114355	13114355	1	0	13066091	0.99632	1285787287	12682871	1249660442	1155177812	0	0.0046	0.004444	1.02e-4	100	13020774	0.996532	138436	0.010595	0	0.501769	0.005681	3e-6	NA	BC08-N
PAIR	26228710	26228710	1	0	26135129	0.996432	2573662324	25372649	2501589827	2339089598	0	0.003966	0.003815	1.03e-4	100	26041548	0.996419	279819	0.010707	0	0.499893	0.005687	3e-6	NA	BC08-N
FIRST_OF_PAIR	21439453	21439453	1	0	21438394	0.999951	2625699566	20739326	2544781715	2495942430	0	0.003293	0.002993	1.44e-4	125	21359913	0.996339	208984	0.009748	0	0.501389	0.006574	3e-6	NA	BC14-N
SECOND_OF_PAIR	21439453	21439453	1	0	21360971	0.996339	2599638812	20646145	2518898043	2369990184	0	0.007	0.006695	1.37e-4	125	21359913	0.99995	131561	0.006159	0	0.49829	0.007007	1e-5	NA	BC14-N
PAIR	42878906	42878906	1	0	42799365	0.998145	5225338378	41385471	5063679758	4865932614	0	0.005137	0.004835	1.4e-4	125	42719826	0.998142	340545	0.007957	0	0.499842	0.00679	6e-6	NA	BC14-N
FIRST_OF_PAIR	10034251	10034251	1	0	10033729	0.999948	1231938416	9692373	1192187892	1162636531	0	0.003579	0.003265	1.49e-4	125	10001230	0.996761	88330	0.008803	0	0.501308	0.005934	5e-6	NA	BC15-N
SECOND_OF_PAIR	10034251	10034251	1	0	10001752	0.996761	1220821861	9653061	1181139679	1109592415	0	0.007064	0.006745	1.4e-4	125	10001230	0.999948	56353	0.005634	0	0.498441	0.00627	9e-6	NA	BC15-N
PAIR	20068502	20068502	1	0	20035481	0.998355	2452760277	19345434	2373327571	2272228946	0	0.005314	0.004997	1.45e-4	125	20002460	0.998352	144683	0.007221	0	0.499877	0.006102	7e-6	NA	BC15-N
FIRST_OF_PAIR	14021817	14021817	1	0	13970829	0.996364	1377174550	13567292	1338865459	1268229925	0	0.003215	0.003069	1.04e-4	100	13923113	0.996585	147539	0.010561	0	0.500619	0.005747	4e-6	NA	BC07-N
SECOND_OF_PAIR	14021817	14021817	1	0	13974100	0.996597	1375890106	13565718	1337314656	1243278167	0	0.004224	0.004068	1.03e-4	100	13923113	0.996351	150810	0.010792	0	0.499175	0.005776	4e-6	NA	BC07-N
PAIR	28043634	28043634	1	0	27944929	0.99648	2753064656	27133010	2676180115	2511508092	0	0.003719	0.003569	1.03e-4	100	27846226	0.996468	298349	0.010676	0	0.499897	0.005762	4e-6	NA	BC07-N
FIRST_OF_PAIR	14213761	14213761	1	0	14173890	0.997195	1396479442	13757441	1356912347	1287138896	0	0.00321	0.003061	1.08e-4	100	14120031	0.9962	172433	0.012166	0	0.497182	0.007109	3e-6	NA	BC01-N
SECOND_OF_PAIR	14213761	14213761	1	0	14159902	0.996211	1392316139	13738792	1352602929	1245069732	0	0.004892	0.00473	1.04e-4	100	14120031	0.997184	158445	0.01119	0	0.502596	0.007124	3e-6	NA	BC01-N
PAIR	28427522	28427522	1	0	28333792	0.996703	2788795581	27496233	2709515276	2532208628	0	0.00405	0.003895	1.06e-4	100	28240062	0.996692	330878	0.011678	0	0.499888	0.007116	3e-6	NA	BC01-N
FIRST_OF_PAIR	10617623	10617623	1	0	10617095	0.99995	1302366840	10257631	1260482706	1236167558	0	0.003155	0.002869	1.41e-4	125	10584836	0.996962	90065	0.008483	0	0.50193	0.00596	3e-6	NA	BC21-N
SECOND_OF_PAIR	10617623	10617623	1	0	10585364	0.996962	1290968473	10218244	1249144760	1180351679	0	0.006488	0.006198	1.34e-4	125	10584836	0.99995	58334	0.005511	0	0.497783	0.006398	1.1e-5	NA	BC21-N
PAIR	21235246	21235246	1	0	21202459	0.998456	2593335313	20475875	2509627466	2416519237	0	0.004814	0.004526	1.37e-4	125	21169672	0.998454	148399	0.006999	0	0.49986	0.006179	7e-6	NA	BC21-N
FIRST_OF_PAIR	14954599	14954599	1	0	14895363	0.996039	1466906137	14462829	1426045877	1347265560	0	0.003448	0.003291	1.04e-4	100	14850765	0.997006	176574	0.011854	0	0.51003	0.008149	5e-6	NA	BC12-N
SECOND_OF_PAIR	14954599	14954599	1	0	14910001	0.997018	1467047540	14474099	1425949273	1327341846	0	0.004278	0.004113	1.03e-4	100	14850765	0.996027	191212	0.012824	0	0.489763	0.008072	6e-6	NA	BC12-N
PAIR	29909198	29909198	1	0	29805364	0.996528	2933953677	28936928	2851995150	2674607406	0	0.003863	0.003702	1.03e-4	100	29701530	0.996516	367786	0.01234	0	0.499892	0.008111	5e-6	NA	BC12-N
FIRST_OF_PAIR	4712263	4712263	1	0	4700025	0.997403	462336403	4463118	440333084	411111881	0	0.005337	0.004745	1.59e-4	100	4680263	0.995795	111923	0.023813	0	0.506264	0.02155	4e-6	NA	BC05-N
SECOND_OF_PAIR	4712263	4712263	1	0	4692501	0.995806	458685465	4451419	436700064	400175787	0	0.010532	0.009959	1.55e-4	100	4680263	0.997392	104399	0.022248	0	0.493557	0.023303	4e-6	NA	BC05-N
PAIR	9424526	9424526	1	0	9392526	0.996605	921021868	8914537	877033148	811287668	0	0.007924	0.007341	1.57e-4	100	9360526	0.996593	216322	0.023031	0	0.499916	0.022426	4e-6	NA	BC05-N
FIRST_OF_PAIR	15340429	15340429	1	0	15290978	0.996776	1505216386	14857552	1464191494	1386755647	0	0.003201	0.003067	9.9e-5	100	15246071	0.997063	158292	0.010352	0	0.503404	0.006737	2e-6	NA	BC13-N
SECOND_OF_PAIR	15340429	15340429	1	0	15295522	0.997073	1503953527	14858202	1462706264	1356926188	0	0.00434	0.004199	9.7e-5	100	15246071	0.996767	162836	0.010646	0	0.496391	0.006692	3e-6	NA	BC13-N
PAIR	30680858	30680858	1	0	30586500	0.996925	3009169913	29715754	2926897758	2743681835	0	0.00377	0.003633	9.8e-5	100	30492142	0.996915	321128	0.010499	0	0.499897	0.006714	3e-6	NA	BC13-N
FIRST_OF_PAIR	8532326	8532326	1	0	8521664	0.99875	843292973	8115649	805583322	756527003	0	0.005166	0.004409	1.79e-4	100	8467826	0.993682	169341	0.019872	0	0.502779	0.009508	4e-6	NA	BC16-N
SECOND_OF_PAIR	8532326	8532326	1	0	8478486	0.99369	836242189	8069066	798753354	728835787	0	0.011006	0.010265	1.72e-4	100	8467826	0.998743	126163	0.014880000000000001	0	0.497074	0.009567	2e-6	NA	BC16-N
PAIR	17064652	17064652	1	0	17000150	0.99622	1679535162	16184715	1604336676	1485362790	0	0.008073	0.007324	1.76e-4	100	16935652	0.996206	295504	0.017382	0	0.499934	0.009537	3e-6	NA	BC16-N
FIRST_OF_PAIR	15560529	15560529	1	0	15504167	0.996378	1527619429	15049757	1484601278	1406171172	0	0.003305	0.003145	1.02e-4	100	15457752	0.997006	145638	0.009393	0	0.499995	0.005777	3e-6	NA	BC03-N
SECOND_OF_PAIR	15560529	15560529	1	0	15514114	0.997017	1526612623	15054784	1483313413	1373417038	0	0.004545	0.004376	9.9e-5	100	15457752	0.996367	155585	0.010029	0	0.49978	0.00576	3e-6	NA	BC03-N
PAIR	31121058	31121058	1	0	31018281	0.996698	3054232052	30104541	2967914691	2779588210	0	0.003925	0.00376	1e-4	100	30915504	0.996687	301223	0.009711	0	0.499888	0.005769	3e-6	NA	BC03-N
