BAIT_SET	BAIT_TERRITORY	BAIT_DESIGN_EFFICIENCY	ON_BAIT_BASES	NEAR_BAIT_BASES	OFF_BAIT_BASES	PCT_SELECTED_BASES	PCT_OFF_BAIT	ON_BAIT_VS_SELECTED	MEAN_BAIT_COVERAGE	PCT_USABLE_BASES_ON_BAIT	PCT_USABLE_BASES_ON_TARGET	FOLD_ENRICHMENT	HS_LIBRARY_SIZE	HS_PENALTY_10X	HS_PENALTY_20X	HS_PENALTY_30X	HS_PENALTY_40X	HS_PENALTY_50X	HS_PENALTY_100X	TARGET_TERRITORY	GENOME_SIZE	TOTAL_READS	PF_READS	PF_BASES	PF_UNIQUE_READS	PF_UQ_READS_ALIGNED	PF_BASES_ALIGNED	PF_UQ_BASES_ALIGNED	ON_TARGET_BASES	PCT_PF_READS	PCT_PF_UQ_READS	PCT_PF_UQ_READS_ALIGNED	MEAN_TARGET_COVERAGE	MEDIAN_TARGET_COVERAGE	MAX_TARGET_COVERAGE	MIN_TARGET_COVERAGE	ZERO_CVG_TARGETS_PCT	PCT_EXC_DUPE	PCT_EXC_ADAPTER	PCT_EXC_MAPQ	PCT_EXC_BASEQ	PCT_EXC_OVERLAP	PCT_EXC_OFF_TARGET	FOLD_80_BASE_PENALTY	PCT_TARGET_BASES_1X	PCT_TARGET_BASES_2X	PCT_TARGET_BASES_10X	PCT_TARGET_BASES_20X	PCT_TARGET_BASES_30X	PCT_TARGET_BASES_40X	PCT_TARGET_BASES_50X	PCT_TARGET_BASES_100X	AT_DROPOUT	GC_DROPOUT	HET_SNP_SENSITIVITY	HET_SNP_Q	SAMPLE	LIBRARY	READ_GROUP	SAMPLE_NAME
IMPACT341_b37_baits	1648657	0.564285	824942691	185570988	740311637	0.577164	0.422836	0.81636	500.37254	0.451198	0.172678	886.47217	9665670	10.288392	10.403843	10.542384	10.680925	10.810229	11.567587	930312	3101804739	14626698	14626698	1828337250	11970692	11954901	1750825316	1428025365	315714476	1	0.818414	0.998681	339.36408	200	3874	0	0.003871	0.18437	1e-6	0.030911	0.016912	0.197978	0.389526	2.247444	0.997318	0.997089	0.996734	0.99648	0.996258	0.996043	0.99554	0.95623	21.0475	3.609754	0.996998	25	NA	NA	NA	BC20-T2
IMPACT341_b37_baits	1648657	0.564285	2052392705	500818889	1561159882	0.620559	0.379441	0.803847	1244.88763	0.484962	0.152206	938.514758	11090034	14.604318	14.820981	15.073754	15.335555	15.600967	17.16094	930312	3101804739	33856564	33856564	4232070500	22127115	22081485	4114371476	2673601190	644145892	1	0.653555	0.997938	692.397703	200	11905	0	0.003871	0.35018	0	0.019622	0.016745	0.141551	0.315354	3.461989	0.997165	0.997119	0.99684	0.996614	0.996514	0.996422	0.996275	0.994012	22.019535	3.464867	0.997067	25	NA	NA	NA	BC20-T1
IMPACT341_b37_baits	1648657	0.564285	1872025104	477828025	1508588763	0.609016	0.390984	0.796656	1135.484885	0.479134	0.077521	912.817271	3924972	8.866646	9.088753	9.310861	9.560732	9.821708	11.554147	930312	3101804739	31008750	31008750	3907102500	13052082	12929365	3858441892	1611983515	302882537	1	0.420916	0.990598	325.570924	200	1347	0	0.003291	0.582219	1e-6	0.017739	0.007729	0.100728	0.213095	1.627855	0.997285	0.997003	0.996674	0.996351	0.996013	0.995535	0.995095	0.991414	5.201555	0.648059	0.997011	25	NA	NA	NA	BC18-P1
IMPACT341_b37_baits	1648657	0.564285	2038446230	395175480	1476851429	0.622334	0.377666	0.837618	1236.428335	0.517524	0.129541	980.740471	8066752	12.686473	12.921771	13.15707	13.418512	13.70087	15.353187	930312	3101804739	31260676	31260676	3938845176	18579868	18546013	3910473139	2319313204	510240406	1	0.594353	0.998178	548.461598	200	3299	0	0.004646	0.406897	1e-6	0.023479	0.007998	0.161834	0.269325	2.742308	0.996852	0.996645	0.996435	0.996179	0.996022	0.995749	0.995624	0.99401	11.348283	1.102404	0.99667	25	NA	NA	NA	BC02-P1
IMPACT341_b37_baits	1648657	0.564285	1913624844	421962806	1277284707	0.646463	0.353537	0.819333	1160.717386	0.517161	0.180655	996.525295	14328966	13.222458	13.409592	13.61232	13.830643	14.03649	15.308999	930312	3101804739	37002516	37002516	3700251600	24947281	24843573	3612872357	2425022518	668467580	1	0.674205	0.995843	718.541285	200	4132	0	0.002904	0.328783	1e-6	0.024642	0.023889	0.114763	0.322904	3.592706	0.997684	0.997581	0.997196	0.996946	0.996794	0.996623	0.996498	0.99546	15.229362	0.406364	0.997548	26	NA	NA	NA	BC03-T
IMPACT341_b37_baits	1648657	0.564285	2379723994	529264274	1551167429	0.652217	0.347783	0.818059	1443.431832	0.520975	0.171316	1003.831256	15441184	15.46105	15.691707	15.970417	16.239517	16.516305	18.177035	930312	3101804739	45678266	45678266	4567826600	29147282	29000482	4460155697	2830129579	782543059	1	0.6381	0.994964	841.161953	200	3733	0	0.002904	0.365464	0	0.023217	0.019983	0.108699	0.307189	4.20581	0.997735	0.997602	0.997247	0.997	0.996877	0.996781	0.996698	0.996099	11.861417	1.03617	0.997596	26	NA	NA	NA	BC01-T
IMPACT341_b37_baits	1648657	0.564285	1345657039	331172631	1012161005	0.623591	0.376409	0.802501	816.214069	0.485634	0.158296	941.519319	9673686	10.532921	10.656994	10.810608	10.958315	11.117837	11.996984	930312	3101804739	22167422	22167422	2770927750	16014127	15993286	2688990675	1933554149	438626802	1	0.722417	0.998699	471.483547	200	3296	0	0.003678	0.280937	0	0.027488	0.018137	0.161795	0.348537	2.357418	0.997175	0.997055	0.996718	0.996344	0.99591	0.995488	0.995117	0.99156	7.648865	2.378151	0.996982	25	NA	NA	NA	BC18-T2
IMPACT341_b37_baits	1648657	0.564285	1698550194	393061615	1093391889	0.656706	0.343294	0.812077	1030.262932	0.521476	0.175378	1003.350309	11824964	11.30853	11.47324	11.651677	11.843839	12.057963	13.210937	930312	3101804739	32571952	32571952	3257195200	21285750	21200342	3185003698	2071449960	571240538	1	0.653499	0.995988	614.03114	200	3011	0	0.00271	0.349624	1e-6	0.022787	0.022302	0.108895	0.317043	3.070156	0.997815	0.997762	0.997269	0.997029	0.996775	0.996599	0.996408	0.995261	4.369138	1.293297	0.997713	26	NA	NA	NA	BC07-T
IMPACT341_b37_baits	1648657	0.564285	2649534039	937165072	2645058286	0.575552	0.424448	0.738711	1607.086276	0.419962	0.122709	799.913654	12161951	18.237397	18.614541	19.019621	19.452638	19.880068	22.595503	930312	3101804739	63089882	63089882	6308988200	33848780	33787878	6231757397	3328365914	774167189	1	0.536517	0.998201	832.158662	200	2840	0	0.002323	0.465903	0	0.031295	0.006599	0.052803	0.319177	4.160793	0.997851	0.997785	0.997534	0.997054	0.996333	0.995695	0.995206	0.99297	1.828697	1.811605	0.997739	26	NA	NA	NA	BC05-T
IMPACT341_b37_baits	1648657	0.564285	955968300	235793287	865893941	0.579184	0.420816	0.802147	579.846687	0.445145	0.159564	874.08761	10871682	9.038668	9.133916	9.206487	9.2972	9.39517	9.885021	930312	3101804739	17180358	17180358	2147544750	13970508	13954001	2057655528	1667018079	342670110	1	0.813167	0.998818	368.338912	200	2097	0	0.003871	0.189846	1e-6	0.034406	0.016944	0.190826	0.401463	1.841695	0.997233	0.997036	0.996697	0.996456	0.99628	0.996083	0.995837	0.993703	4.48544	2.403666	0.996975	25	NA	NA	NA	BC21-T2
IMPACT341_b37_baits	1648657	0.564285	1107092401	179076417	866930975	0.597357	0.402643	0.860768	671.511661	0.475173	0.134649	967.395037	6979045	9.154142	9.310642	9.457657	9.609415	9.791525	10.7476	930312	3101804739	18491066	18491066	2329874316	13054287	13037382	2153099793	1502252654	313715827	1	0.705978	0.998705	337.215716	200	2876	0	0.003871	0.302284	1e-6	0.029005	0.008908	0.23229	0.281831	1.883887	0.997165	0.996775	0.996494	0.996282	0.996126	0.995947	0.995468	0.973781	15.1253	2.905782	0.996765	25	NA	NA	NA	BC09-T2
IMPACT341_b37_baits	1648657	0.564285	1473353442	298077674	939078491	0.653542	0.346458	0.831731	893.668872	0.530766	0.174463	1022.680877	9661382	9.453162	9.592874	9.767513	9.924689	10.08885	11.094775	930312	3101804739	27759014	27759014	2775901400	17831034	17759092	2710509607	1731974894	484290743	1	0.642351	0.995965	520.568092	200	7595	0	0.002904	0.361015	0	0.024064	0.021978	0.121094	0.293183	2.60284	0.997733	0.997631	0.997225	0.996972	0.996747	0.996534	0.996342	0.994228	13.941058	1.670522	0.997559	26	NA	NA	NA	BC02-T
IMPACT341_b37_baits	1648657	0.564285	1475183427	296334704	1116259497	0.613454	0.386546	0.832723	894.778858	0.489669	0.141215	961.095229	7451716	10.150337	10.322937	10.495537	10.687314	10.863749	11.999072	930312	3101804739	24100918	24100918	3012614750	15678505	15652936	2887777628	1859384526	425425639	1	0.650536	0.998369	457.293509	200	2696	0	0.003678	0.356119	0	0.027549	0.011536	0.175242	0.282253	2.286468	0.997287	0.996924	0.996613	0.996451	0.996322	0.996183	0.995933	0.98491	20.946818	3.767134	0.996921	25	NA	NA	NA	BC04-T2
IMPACT341_b37_baits	1648657	0.564285	1209427600	220792267	852452183	0.626555	0.373445	0.845624	733.583517	0.524946	0.142916	996.82862	6066897	8.159851	8.280897	8.422116	8.56838	8.71666	9.588187	930312	3101804739	18284972	18284972	2303906472	11996221	11979834	2282672050	1494514149	329265058	1	0.65607	0.998634	353.929712	200	1799	0	0.004646	0.345279	0	0.024272	0.007868	0.192624	0.285727	1.769649	0.996782	0.996543	0.996321	0.996002	0.995697	0.995389	0.995048	0.98891	9.796838	1.186415	0.996602	25	NA	NA	NA	BC12-P1
IMPACT341_b37_baits	1648657	0.564285	1243040933	288149501	918057717	0.625168	0.374832	0.811813	753.971829	0.491596	0.145592	954.85359	7576664	9.124952	9.270496	9.410649	9.545412	9.703893	10.583624	930312	3101804739	20228676	20228676	2528584500	13913924	13896969	2449248151	1674408753	368141503	1	0.687832	0.998781	395.718321	200	4107	0	0.004065	0.316358	0	0.024046	0.014261	0.163762	0.331278	1.978592	0.996952	0.996789	0.996344	0.995966	0.995542	0.995145	0.994657	0.989256	6.310206	2.490916	0.996709	25	NA	NA	NA	BC10-T2
IMPACT341_b37_baits	1648657	0.564285	2412710718	631948449	2004859605	0.60296	0.39704	0.79244	1463.440072	0.472326	0.111891	898.95801	8389875	15.215807999999999	15.526132	15.882431	16.215743	16.581237	18.815575	930312	3101804739	40540864	40540864	5108148864	22390505	22259452	5049518772	2779466377	571556052	1	0.552295	0.994147	614.370289	200	2802	0	0.003678	0.449558	1e-6	0.020463	0.010634	0.129129	0.277037	3.071851	0.997245	0.997191	0.99702	0.996706	0.996588	0.996358	0.996103	0.99517	11.373519	1.181691	0.997199	26	NA	NA	NA	BC04-P1
IMPACT341_b37_baits	1648657	0.564285	2394184835	508255773	1918042194	0.602106	0.397894	0.824887	1452.203117	0.491205	0.08606	934.439702	5632664	12.142517	12.433025	12.734925	13.065307	13.400245	15.614941	930312	3101804739	38683394	38683394	4874107644	17848720	17748447	4820482802	2211516006	419464048	1	0.461405	0.994382	450.885346	200	1637	0	0.004065	0.541225	3e-6	0.020562	0.005616	0.130679	0.21491	2.254427	0.997099	0.996723	0.996548	0.996431	0.996274	0.995982	0.995754	0.994135	7.747484	0.681031	0.996806	25	NA	NA	NA	BC21-P1
IMPACT341_b37_baits	1648657	0.564285	1445023327	280894368	1032699188	0.625646	0.374354	0.837249	876.485119	0.520027	0.154261	985.524925	8371282	10.311234	10.475119	10.620795	10.78468	10.955848	11.946442	930312	3101804739	22053526	22053526	2778744276	15153368	15132676	2758616883	1892905631	428651604	1	0.687118	0.998634	460.761125	200	2790	0	0.004259	0.313821	1e-6	0.025865	0.008806	0.190386	0.305752	2.303806	0.997044	0.996667	0.996475	0.996208	0.995898	0.995686	0.995388	0.992423	13.256538	1.458913	0.996777	25	NA	NA	NA	BC06-P1
IMPACT341_b37_baits	1648657	0.564285	2754706199	806141993	2313426208	0.606177	0.393823	0.77361	1670.878903	0.462812	0.112435	882.277494	9967247	17.818593	18.178743	18.565571	18.93906	19.403254	21.964322	930312	3101804739	47238968	47238968	5952109968	26250241	26077499	5874274400	3252457267	669222917	1	0.55569	0.993419	719.353203	200	4034	0	0.003291	0.446322	1e-6	0.018282	0.012755	0.115237	0.29349	3.596766	0.997385	0.997191	0.996916	0.996736	0.996552	0.996425	0.996327	0.995597	9.188198	1.225251	0.997214	26	NA	NA	NA	BC10-P1
IMPACT341_b37_baits	1648657	0.564285	1185994474	224361519	842719618	0.625969	0.374031	0.840919	719.370053	0.522531	0.126713	990.35533	4526156	7.212475	7.348475	7.504622	7.650695	7.810872	8.753799	930312	3101804739	18013592	18013592	2269712592	10568876	10553456	2253075611	1319168578	287602907	1	0.586717	0.998541	309.146724	200	1863	0	0.004646	0.414503	1e-6	0.022751	0.006586	0.162027	0.266496	1.545734	0.996815	0.996662	0.996247	0.995957	0.995654	0.995307	0.994859	0.986655	8.055081	0.706197	0.996661	25	NA	NA	NA	BC09-P1
IMPACT341_b37_baits	1648657	0.564285	1046828810	223435638	679511270	0.651493	0.348507	0.824103	634.958521	0.521425	0.168767	1010.125078	6904478	6.804735	6.918051	7.02717	7.144683	7.265553	7.980702	930312	3101804739	20076292	20076292	2007629200	12916839	12838851	1949775718	1246518470	338821379	1	0.643388	0.993962	364.20188	200	1635	0	0.003097	0.360686	2e-6	0.024588	0.021572	0.1142	0.305184	1.821009	0.997621	0.99755	0.997099	0.99672	0.996429	0.996245	0.995891	0.991436	2.476356	1.253973	0.997513	26	NA	NA	NA	BC04-T
IMPACT341_b37_baits	1648657	0.564285	2046715961	555740718	1702770655	0.604488	0.395512	0.786455	1241.444376	0.469539	0.08497	894.428505	4928166	10.647554	10.90663	11.175866	11.470502	11.757009	13.707699	930312	3101804739	34595184	34595184	4358993184	15674601	15552785	4305227334	1939169207	370384780	1	0.453086	0.992228	398.129638	200	1378	0	0.003871	0.549578	2e-6	0.017506	0.00786	0.104442	0.234591	1.990648	0.997221	0.997191	0.996827	0.996652	0.996399	0.996019	0.995572	0.993018	5.510554	0.69051	0.997172	25	NA	NA	NA	BC20-P1
IMPACT341_b37_baits	1648657	0.564285	1832363795	452857832	1173273558	0.660756	0.339244	0.801832	1111.428147	0.517512	0.186986	996.801473	13878585	12.654314	12.856496	13.0437	13.238393	13.445068	14.667141	930312	3101804739	35407166	35407166	3540716600	23873378	23747081	3458495185	2322691812	662065469	1	0.674253	0.99471	711.659603	200	11858	0	0.002904	0.32841	0	0.024029	0.027534	0.096338	0.332263	3.558298	0.997782	0.997775	0.997518	0.997188	0.997056	0.996932	0.996697	0.995149	18.440183	1.914689	0.99775	26	NA	NA	NA	BC06-T
IMPACT341_b37_baits	1648657	0.564285	1386565703	322634763	1428488456	0.544732	0.455268	0.811236	841.027396	0.428246	0.134228	831.408985	6988525	12.468664	12.761651	13.068589	13.431334	13.766176	16.076585	930312	3101804739	32377750	32377750	3237775000	19015580	18940553	3137688922	1826186766	434601107	1	0.587304	0.996054	467.156295	200	2798	0	0.00271	0.417983	5e-6	0.039012	0.010502	0.087953	0.306045	2.901592	0.997837	0.997756	0.997297	0.997005	0.996616	0.995872	0.99415	0.950592	25.449985	2.411632	0.99764	26	NA	NA	NA	BC16-T
IMPACT341_b37_baits	1648657	0.564285	2506571838	576793632	1989781600	0.607782	0.392218	0.812934	1520.371938	0.488895	0.053467	929.580163	3441285	9.077817	9.315886	9.573794	9.831702	10.129288	12.129066	930312	3101804739	40690562	40690562	5127010812	13333917	13230799	5073147070	1646536264	274123848	1	0.327691	0.992266	294.657973	200	1363	0	0.004065	0.675441	3e-6	0.016263	0.003735	0.087095	0.163439	1.47329	0.99703	0.996805	0.996499	0.996021	0.99558	0.995161	0.994566	0.989969	3.414999	0.679525	0.996811	25	NA	NA	NA	BC14-P1
IMPACT341_b37_baits	1648657	0.564285	185767203	40341022	163886759	0.579772	0.420228	0.821585	112.677897	0.452341	0.170425	896.177766	3291779	7.492451	7.69756	7.912925	8.159057	8.405188	10.111698	930312	3101804739	3285438	3285438	410679750	2870089	2866801	389994984	339853477	69990283	1	0.873579	0.998854	75.233129	70	663	0	0.004259	0.12857	1e-6	0.03453	0.01645	0.232336	0.408673	1.504663	0.996696	0.996447	0.993107	0.988537	0.971993	0.91563	0.810158	0.176664	4.679364	2.246973	0.995538	24	NA	NA	NA	BC14-T2
IMPACT341_b37_baits	1648657	0.564285	2406548358	656509466	2032072407	0.601174	0.398826	0.785669	1459.702266	0.466586	0.084479	888.635069	5831673	12.620175	12.907559	13.218892	13.554174	13.913404	16.212478	930312	3101804739	40934766	40934766	5157780516	18540916	18400032	5095130231	2294347714	435721828	1	0.452938	0.992401	468.360967	200	2437	0	0.003291	0.549698	1e-6	0.018436	0.00779	0.103716	0.234853	2.341805	0.997555	0.997254	0.996821	0.996574	0.99631	0.995943	0.995509	0.993023	4.200265	0.924391	0.997283	26	NA	NA	NA	BC15-P1
IMPACT341_b37_baits	1648657	0.564285	1561242528	404333982	1189450736	0.622998	0.377002	0.794292	946.978376	0.481149	0.14944	931.003692	9350830	11.611387	11.798918	11.986449	12.17398	12.369845	13.503365	930312	3101804739	25958588	25958588	3244823500	17620984	17587274	3155027246	2130539972	484907416	1	0.678811	0.998087	521.230959	200	4014	0	0.003871	0.324716	0	0.025355	0.016843	0.143623	0.335783	2.6061550000000002	0.997204	0.99716	0.996726	0.996542	0.996398	0.99623	0.996009	0.994759	6.677192	2.155241	0.997068	25	NA	NA	NA	BC15-T2
IMPACT341_b37_baits	1648657	0.564285	1245658437	360022288	1237695557	0.564709	0.435291	0.775782	755.559487	0.42919	0.137947	824.230691	6623841	9.112218	9.28262	9.453022	9.642358	9.84684	11.028295	930312	3101804739	29023480	29023480	2902348000	17087035	17033089	2843376282	1663788127	400368964	1	0.588731	0.996843	430.359884	200	1836	0	0.00271	0.414855	1e-6	0.033985	0.01027	0.071158	0.328932	2.151799	0.997847	0.997763	0.997497	0.997176	0.996823	0.996501	0.9962	0.993438	11.758254	0.236507	0.99773	26	NA	NA	NA	BC17-T
IMPACT341_b37_baits	1648657	0.564285	348684962	65788424	205601684	0.668425	0.331575	0.841272	211.496365	0.538804	0.096332	1057.969362	898989	6.356186	7.31683	8.85491	12.025559	-1	-1	930312	3101804739	6471466	6471466	647146600	2497757	2436438	620075070	232079611	62340901	1	0.385965	0.97545	67.010746	59	1410	0	0.003097	0.625723	3e-6	0.017183	0.012722	0.074341	0.169494	1.522971	0.997438	0.997086	0.994657	0.985337	0.954078	0.863479	0.692948	0.03974	4.473993	3.212256	0.996657	25	NA	NA	NA	BC12-T
IMPACT341_b37_baits	1648657	0.564285	684473241	199104351	3648778131	0.194949	0.805051	0.774661	415.170191	0.144294	0.052529	284.129698	7515500	22.539391	22.769805	23.01119	23.230631	23.520294	24.889607	930312	3101804739	37948696	37948696	4743587000	33442262	33321604	4532355723	3985394648	249173744	1	0.881249	0.99639200000000006	267.838901	200	1669	0	0.002323	0.120679	2e-6	0.052083	0.038215	0.163358	0.57072	1.394994	0.997929	0.99722	0.996424	0.995825	0.99521	0.994426	0.993728	0.986608	2.668364	2.26058	0.99703	25	NA	NA	NA	BC07-T2
IMPACT341_b37_baits	1648657	0.564285	1757053961	371299149	1251649631	0.62969	0.37031	0.825546	1065.748643	0.515691	0.121109	978.030033	6157864	10.302083	10.506635	10.726339	10.961196	11.202113	12.656706	930312	3101804739	27041154	27041154	3407185404	15090479	15056730	3380002741	1881024698	412641799	1	0.558056	0.997764	443.552055	200	2099	0	0.004259	0.443484	1e-6	0.022219	0.0076	0.139306	0.265318	2.21776	0.996937	0.996756	0.996542	0.996275	0.996035	0.995853	0.995601	0.993594	8.654632	0.816042	0.996782	25	NA	NA	NA	BC08-P1
IMPACT341_b37_baits	1648657	0.564285	4116604391	887843935	3065815208	0.62011	0.37989	0.822589	2496.944113	0.506792	0.099827	959.700145	11139565	21.889006	22.366398	22.871871	23.433509	24.040077	27.724417	930312	3101804739	64467200	64467200	8122867200	31958126	31877345	8070263534	3987755493	810880132	1	0.495727	0.997472	871.621705	200	2687	0	0.003678	0.50587	0	0.021423	0.007931	0.123133	0.241178	4.358109	0.997231	0.996792	0.996504	0.996439	0.996396	0.996285	0.996168	0.995617	8.72188	0.713903	0.996855	25	NA	NA	NA	BC01-P1
IMPACT341_b37_baits	1648657	0.564285	1297415043	285784847	981158853	0.617386	0.382614	0.819489	786.952679	0.488345	0.126057	951.884582	5991861	8.637569	8.790812	8.955407	9.114327	9.291408	10.326655	930312	3101804739	21254058	21254058	2656757250	13239466	13217098	2564358743	1581634784	334902565	1	0.622915	0.998311	359.989514	200	1758	0	0.004065	0.383224	0	0.024845	0.012267	0.160335	0.288746	1.799948	0.997005	0.99666	0.996112	0.995483	0.994963	0.994285	0.993726	0.99031	2.471874	1.766382	0.996601	25	NA	NA	NA	BC01-T2
IMPACT341_b37_baits	1648657	0.564285	2173184528	583649029	1801166569	0.604834	0.395166	0.78829	1318.15443	0.47139	0.087697	897.02886	5312587	11.404173	11.661671	11.951356	12.241042	12.569351	14.629335	930312	3101804739	36588602	36588602	4610163852	16722780	16607131	4558000126	2073460652	404295298	1	0.457049	0.993084	434.580332	200	2373	0	0.003678	0.545094	1e-6	0.017505	0.008059	0.10524	0.23541	2.172902	0.997282	0.997191	0.996857	0.996639	0.996435	0.996232	0.995804	0.994345	8.498076	0.812705	0.997194	26	NA	NA	NA	BC05-P1
IMPACT341_b37_baits	1648657	0.564285	2638701856	648073295	2156026767	0.603876	0.396124	0.802824	1600.515969	0.479144	0.04312	912.119914	2993669	8.416761	8.638482	8.867594	9.137355	9.423375	11.321308	930312	3101804739	43707244	43707244	5507112744	12417703	12276380	5442801918	1525987669	237466546	1	0.284111	0.988619	255.254738	200	1007	0	0.003291	0.719632	3e-6	0.015176	0.003512	0.071539	0.146518	1.276274	0.997208	0.996968	0.996674	0.996287	0.995968	0.995241	0.994598	0.988938	1.662613	0.848403	0.996984	25	NA	NA	NA	BC17-P1
IMPACT341_b37_baits	1648657	0.564285	972962120	198170454	745629714	0.610995	0.389005	0.830787	590.154362	0.503444	0.147521	955.018579	5468685	7.388821	7.504139	7.628	7.747589	7.870596	8.629135	930312	3101804739	15338184	15338184	1932611184	10530247	10513080	1916762288	1313812010	285100668	1	0.686538	0.99837	306.457047	200	1825	0	0.004259	0.314567	1e-6	0.025484	0.009367	0.183559	0.318295	1.579675	0.996826	0.996659	0.996395	0.996071	0.995629	0.995278	0.994728	0.983178	10.761861	1.208107	0.996679	25	NA	NA	NA	BC13-P1
IMPACT341_b37_baits	1648657	0.564285	1608106522	360229442	1274626509	0.606956	0.393044	0.816988	975.403933	0.478377	0.136012	932.947133	8468433	11.473895	11.666822	11.845458	12.052675	12.2799	13.514631	930312	3101804739	26892720	26892720	3361590000	17578781	17549058	3242962473	2101926488	457218061	1	0.653663	0.998309	491.467444	200	3858	0	0.003678	0.35185	0	0.025044	0.013475000000000001	0.162703	0.305953	2.457337	0.997202	0.996957	0.996483	0.995791	0.995269	0.994718	0.994211	0.99129	6.463243	1.963453	0.99692	25	NA	NA	NA	BC08-T2
IMPACT341_b37_baits	1648657	0.564285	2553045243	587948664	2080715306	0.601526	0.398474	0.812814	1548.560582	0.483569	0.045628	919.877449	3071083	8.520052	8.730125	8.989216	9.234301	9.515799	11.431665	930312	3101804739	41901490	41901490	5279587740	12532550	12426105	5221709213	1544430310	240896753	1	0.299096	0.991507	258.941896	200	1071	0	0.003871	0.704229	3e-6	0.016425	0.003299	0.080462	0.149458	1.294709	0.996997	0.996766	0.996465	0.996177	0.995704	0.995248	0.994657	0.987251	0.949235	1.126545	0.996783	25	NA	NA	NA	BC16-P1
IMPACT341_b37_baits	1648657	0.564285	1106375110	207936492	784545808	0.626203	0.373797	0.841791	671.076585	0.521776	0.13369	991.75319	4768686	7.14631	7.272281	7.402917	7.538219	7.686584	8.55998	930312	3101804739	16828604	16828604	2120404104	10396769	10381722	2098857410	1293369775	283475902	1	0.617803	0.998553	304.710572	200	1472	0	0.004259	0.383774	1e-6	0.023577	0.007394	0.175406	0.274801	1.538942	0.996904	0.996676	0.996293	0.996039	0.995634	0.995241	0.994763	0.984025	9.858799	0.940923	0.996675	25	NA	NA	NA	BC07-P1
IMPACT341_b37_baits	1648657	0.564285	1273369286	280766583	816453257	0.655591	0.344409	0.819342	772.367622	0.523186	0.17967	1010.606825	9358447	8.63877	8.761885	8.89526	9.038895	9.186633	10.023818	930312	3101804739	24338768	24338768	2433876800	16347857	16266911	2370589126	1584565866	437293444	1	0.67168	0.995049	470.05031	200	2673	0	0.002904	0.331573	1e-6	0.025633	0.023411	0.111354	0.323567	2.350252	0.997581	0.997513	0.997104	0.996661	0.996487	0.996321	0.996149	0.993682	6.753432	3.106745	0.997475	26	NA	NA	NA	BC13-T
IMPACT341_b37_baits	1648657	0.564285	1559593376	343615820	1004200824	0.654606	0.345394	0.819455	945.978075	0.523482	0.175082	1009.227889	11086538	10.44164	10.611187	10.774454	10.95028	11.123595	12.178551	930312	3101804739	29792694	29792694	2979269400	19728301	19649068	2907410020	1915870310	521615039	1	0.662186	0.995984	560.688284	200	3096	0	0.002904	0.341039	0	0.025436	0.021859	0.115313	0.31695	2.803441	0.997722	0.997687	0.99729	0.996978	0.996769	0.996609	0.996424	0.994647	3.149454	1.397484	0.997642	26	NA	NA	NA	BC09-T
IMPACT341_b37_baits	1648657	0.564285	847383035	158597789	620522123	0.618493	0.381507	0.842345	513.983827	0.497551	0.174301	980.187263	7001131	7.465771	7.592933	7.716563	7.857854	7.993493	8.807329	930312	3101804739	17031076	17031076	1703107600	12027484	11958633	1626502947	1142060180	296852574	1	0.706208	0.994276	319.089267	200	7624	0	0.002904	0.297843	0	0.03617	0.026332	0.134872	0.322281	1.910714	0.997605	0.997466	0.996829	0.996529	0.996121	0.995581	0.994637	0.969028	12.69525	3.533583	0.997397	26	NA	NA	NA	BC08-T
IMPACT341_b37_baits	1648657	0.564285	1449174284	286101915	1038898125	0.625511	0.374489	0.835126	879.0029	0.518582	0.150575	982.813278	7919995	10.188653	10.354092	10.513404	10.68497	10.854085	11.883483	930312	3101804739	22178508	22178508	2794492008	14966174	14942231	2774174324	1869213147	420779520	1	0.674805	0.9984	452.299358	200	2207	0	0.004839	0.326209	1e-6	0.024553	0.009208	0.184539	0.303827	2.261497	0.996659	0.996537	0.996338	0.995964	0.995769	0.99542	0.995043	0.991633	13.423069	1.466474	0.996554	25	NA	NA	NA	BC03-P1
IMPACT341_b37_baits	1648657	0.564285	1077399256	382624472	10332088129	0.123814	0.876186	0.737933	653.501156	0.088399	0.033688	171.897367	11343951	52.893995	53.468627	54.015895	54.61789	55.176104	58.591057	930312	3101804739	97503078	97503078	12187884750	80682037	80481783	11792111857	9743286872	410591158	1	0.827482	0.997518	441.347804	200	2655	0	0.002323	0.173745	2e-6	0.037926	0.024318	0.133284	0.595929	2.206739	0.997986	0.997643	0.996838	0.996332	0.99594800000000006	0.995653	0.995253	0.993201	2.960342	2.514234	0.997457	26	NA	NA	NA	BC20-N
IMPACT341_b37_baits	1648657	0.564285	1020240000	287792927	1012122203	0.56377	0.43623	0.77998	618.830964	0.431313	0.141843	827.312274	6822877	8.42535	8.567218	8.714341	8.850956	9.008587	9.916546	930312	3101804739	23654276	23654276	2365427600	15823455	15691583	2320155130	1544064749	335519432	1	0.668947	0.991666	360.65259	200	1142	0	0.00271	0.334499	2e-6	0.038792	0.035671	0.076596	0.369838	1.803263	0.997801	0.997756	0.997335	0.996726	0.996023	0.995576	0.995034	0.991385	0.168634	3.318208	0.997642	26	NA	NA	NA	BC17-N
IMPACT341_b37_baits	1648657	0.564285	548078879	130782560	477927125	0.58685	0.41315	0.80735	332.439603	0.458605	0.155292	891.40122	3979238	9.070331	9.302299	9.560042	9.843559	10.149757	12.153963	930312	3101804739	9560792	9560792	1195099000	7035154	7022299	1156788564	847605302	185589561	1	0.735834	0.998173	199.491741	163	1065	0	0.004452	0.267277	1e-6	0.028357	0.016166	0.168739	0.35904199999999997	1.936813	0.996788	0.996734	0.996238	0.995703	0.995287	0.993864	0.988878	0.817308	17.646553	2.541215	0.996614	25	NA	NA	NA	BC10-N
IMPACT341_b37_baits	1648657	0.564285	1543944467	396765513	1006656837	0.658456	0.341544	0.795557	936.486162	0.513962	0.199398	985.556735	15536980	11.799087	11.933325	12.080348	12.240155	12.397406	13.287213	930312	3101804739	30040042	30040042	3004004200	22157980	22050788	2947366817	2168014380	598992081	1	0.737615	0.995162	643.861501	200	2384	0	0.002904	0.264423	0	0.024494	0.03231	0.103981	0.371567	3.219308	0.997784	0.997767	0.997448	0.997103	0.996967	0.996753	0.996598	0.995681	6.224235	0.830607	0.997745	26	NA	NA	NA	BC02-N
IMPACT341_b37_baits	1648657	0.564285	1071289920	362324711	1014367510	0.585631	0.414369	0.747265	649.795512	0.427597	0.16193	823.347019	11309891	10.503935	10.601299	10.720299	10.828481	10.958299	11.60739	930312	3101804739	20043004	20043004	2505375500	15859093	15824720	2447982141	1932972753	405696264	1	0.791253	0.997833	436.086242	200	3362	0	0.003871	0.210381	1e-6	0.026735	0.021335	0.122803	0.453031	2.180431	0.997284	0.997156	0.99672	0.996293	0.996014	0.995623	0.995234	0.993054	0.635808	4.235944	0.997115	25	NA	NA	NA	BC18-N
IMPACT341_b37_baits	1648657	0.564285	1492405086	373017222	957927236	0.660712	0.339288	0.800036	905.224729	0.518311	0.200587	994.50327	15282855	11.370768	11.517895	11.658892	11.793758	11.948242	12.772154	930312	3101804739	28793600	28793600	2879360000	21395485	21296593	2823349544	2092125915	577562949	1	0.743064	0.995378	620.827152	200	2736	0	0.00271	0.258992	0	0.024309	0.031804	0.109339	0.370996	3.104136	0.997866	0.997755	0.997393	0.9971	0.996986	0.996738	0.996505	0.99555	5.183136	0.911464	0.99772	26	NA	NA	NA	BC04-N
IMPACT341_b37_baits	1648657	0.564285	1544059990	389979593	995377457	0.660213	0.339787	0.79836	936.556233	0.517142	0.200935	991.669852	15943290	11.826592	11.979373	12.106691	12.265839	12.42244	13.293294	930312	3101804739	29857556	29857556	2985755600	22238469	22145600	2929417040	2176175966	599943601	1	0.744819	0.995824	644.884298	200	2495	0	0.002904	0.25713	0	0.02421	0.031219	0.108256	0.374389	3.224421	0.997781	0.99776	0.997355	0.997039	0.996876	0.99673	0.996603	0.995822	5.287031	0.852706	0.997707	26	NA	NA	NA	BC09-N
IMPACT341_b37_baits	1648657	0.564285	1668850334	424350457	1086734137	0.658253	0.341747	0.797272	1012.248354	0.514889	0.200779	987.37767	17328816	12.85756	13.002664	13.168497	13.334331	13.500164	14.428831	930312	3101804739	32411822	32411822	3241182200	24172044	24062535	3179934928	2365187404	650760285	1	0.745779	0.99547	699.507568	200	3235	0	0.00271	0.256215	0	0.024683	0.032098	0.106723	0.375639	3.497538	0.997897	0.997778	0.997387	0.997101	0.996963	0.996781	0.996643	0.995878	5.373423	0.895494	0.997764	27	NA	NA	NA	BC06-N
IMPACT341_b37_baits	1648657	0.564285	1350588125	345959082	877115117	0.659196	0.340804	0.79608	819.205041	0.514927	0.201099	987.31448	14036826	10.394699	10.512	10.646057	10.780115	10.914173	11.664896	930312	3101804739	26228710	26228710	2622871000	19539567	19445986	2573662324	1912061312	527457912	1	0.744969	0.995211	566.968836	200	2524	0	0.002904	0.257066	0	0.023429	0.032709	0.105984	0.375871	2.834844	0.997781	0.997768	0.997336	0.997016	0.99687	0.99668	0.996438	0.995282	5.485613	0.80514	0.997719	26	NA	NA	NA	BC08-N
IMPACT341_b37_baits	1648657	0.564285	2321963718	761715676	2141658984	0.59014	0.40986	0.752985	1408.397088	0.433213	0.157166	836.036338	20061465	21.435453	21.678951	21.957234	22.235518	22.513801	24.100017	930312	3101804739	42878906	42878906	5359863250	32429603	32350062	5225338378	3940252579	842386577	1	0.756307	0.997547	905.488242	200	6774	0	0.003291	0.245934	1e-6	0.027	0.020421	0.121552	0.423894	4.527441	0.997403	0.997225	0.997005	0.996846	0.996691	0.996551	0.996384	0.995943	6.674978	2.04304	0.997228	26	NA	NA	NA	BC14-N
IMPACT341_b37_baits	1648657	0.564285	1061321881	370892702	1020545694	0.58392	0.41608	0.741036	643.749355	0.42308	0.166916	814.097007	12653006	10.777842	10.875337	10.972831	11.086574	11.193818	11.804781	930312	3101804739	20068502	20068502	2508562750	16274525	16241504	2452760277	1985408002	418719192	1	0.810949	0.997971	450.084694	200	4013	0	0.003678	0.190541	1e-6	0.029221	0.025623	0.118746	0.465167	2.250423	0.997319	0.997193	0.996925	0.996555	0.996361	0.996235	0.99606	0.994676	2.867668	2.71519	0.99719	26	NA	NA	NA	BC15-N
IMPACT341_b37_baits	1648657	0.564285	1442408884	379500969	931154803	0.661775	0.338225	0.791702	874.899317	0.514344	0.200433	985.725796	14703793	11.036452	11.161805	11.305065	11.448325	11.605911	12.408168	930312	3101804739	28043634	28043634	2804363400	20729942	20631237	2753064656	2029337898	562087747	1	0.739203	0.995239	604.19273	200	2198	0	0.002904	0.26288	0	0.023277	0.030837	0.102369	0.376473	3.020964	0.997785	0.997777	0.997455	0.997129	0.996842	0.996686	0.996478	0.995429	5.510014	0.874407	0.997749	26	NA	NA	NA	BC07-N
IMPACT341_b37_baits	1648657	0.564285	1474319525	368042318	946433738	0.66063	0.33937	0.800233	894.254854	0.518624	0.200791	994.624333	15176933	11.263373	11.408876	11.530129	11.681695	11.830835	12.660203	930312	3101804739	28427522	28427522	2842752200	21178666	21084936	2788795581	2072228606	570799343	1	0.745006	0.995574	613.556896	200	2462	0	0.00271	0.256945	0	0.023774	0.032656	0.108629	0.373325	3.067784	0.997705	0.997546	0.997118	0.996956	0.996827	0.996525	0.996345	0.995357	5.399492	0.847321	0.997547	26	NA	NA	NA	BC01-N
IMPACT341_b37_baits	1648657	0.564285	1156035424	367580826	1069719063	0.587512	0.412488	0.758744	701.198263	0.435516	0.165898	838.68063	12353763	11.185429	11.288477	11.414424	11.528921	11.652579	12.312084	930312	3101804739	21235246	21235246	2654405750	16890596	16857809	2593335313	2058524389	440360580	1	0.795404	0.998059	473.3472	200	2784	0	0.003678	0.206225	1e-6	0.02883	0.020868	0.132148	0.442136	2.366736	0.997387	0.997188	0.996723	0.996453	0.996278	0.996016	0.995704	0.994429	4.315674	2.529213	0.997124	25	NA	NA	NA	BC21-N
IMPACT341_b37_baits	1648657	0.564285	1546627431	391965057	995361189	0.660744	0.339256	0.797809	938.113526	0.517108	0.203124	991.782864	16361072	11.923204	12.076242	12.203774	12.363188	12.520052	13.36176	930312	3101804739	29909198	29909198	2990919800	22427442	22323608	2933953677	2194273984	607527961	1	0.749851	0.99537	653.036789	200	2882	0	0.002904	0.25211	1e-6	0.023442	0.031782	0.10756	0.378041	3.265184	0.99773	0.997705	0.997394	0.997159	0.996955	0.99677	0.996608	0.995671	5.978399	0.835884	0.997693	26	NA	NA	NA	BC12-N
IMPACT341_b37_baits	1648657	0.564285	417914425	99093047	404014396	0.561341	0.438659	0.808333	253.487793	0.443433	0.209271	853.692693	9977076	11.032895	11.201773	11.36261	11.563655	11.742184	12.823005	930312	3101804739	9424526	9424526	942452600	8293061	8261061	921021868	809406549	197228024	1	0.879945	0.996141	212.002021	166	2839	0	0.002904	0.121186	0	0.044401	0.049261	0.119319	0.451702	2.650025	0.997707	0.997621	0.996601	0.995451	0.991518	0.97753	0.947385	0.712464	21.766038000000002	1.991049	0.997457	26	NA	NA	NA	BC05-N
IMPACT341_b37_baits	1648657	0.564285	1595970375	399737674	1013461864	0.663209	0.336791	0.799701	968.042701	0.520184	0.203126	997.843101	16859699	12.233136	12.390157	12.521007000000001	12.684571	12.845517	13.69343	930312	3101804739	30680858	30680858	3068085800	23012898	22918540	3009169913	2251238610	623207412	1	0.750073	0.9959	669.890759	200	3041	0	0.003097	0.251874	0	0.023044	0.031795	0.110167	0.376021	3.349454	0.997634	0.997626	0.997335	0.997098	0.996928	0.996779	0.996639	0.99581	5.328133	0.911159	0.99762	26	NA	NA	NA	BC13-N
IMPACT341_b37_baits	1648657	0.564285	732098147	221627557	725809458	0.567851	0.432149	0.767619	444.057282	0.429014	0.186264	820.095354	10823408	7.383717	7.449994	7.519954	7.593595	7.655454	8.061954	930312	3101804739	17064652	17064652	1706465200	13854598	13790096	1679535162	1361174532	317853106	1	0.811889	0.995344	341.662911	200	1312	0	0.00271	0.189553	0	0.040356	0.044316	0.081947999999999993	0.454587	1.708315	0.997791	0.997785	0.997418	0.996856	0.996454	0.995978	0.995582	0.991763	4.518799	1.069929	0.997723	26	NA	NA	NA	BC16-N
IMPACT341_b37_baits	1648657	0.564285	1610785918	410117485	1033328649	0.661673	0.338327	0.797062	977.029132	0.517587	0.202298	992.247328	16702167	12.345026	12.484345	12.643568	12.80279	12.962013	13.853659	930312	3101804739	31121058	31121058	3112105800	23190533	23087756	3054232052	2269926129	629572695	1	0.745172	0.995568	676.732854	200	2602	0	0.003097	0.256793	0	0.023609	0.031938	0.106271	0.375262	3.383664	0.997629	0.997624	0.997172	0.996947	0.996776	0.996658	0.99643	0.995491	5.538891	0.87105	0.997577	26	NA	NA	NA	BC03-N
